2022/06/21-00:26:51.786493 7fdc3178d000 RocksDB version: 6.20.3
2022/06/21-00:26:51.786527 7fdc3178d000 Git sha 8608d75d85f8e1b3b64b73a4fb6d19baec61ba5c
2022/06/21-00:26:51.786529 7fdc3178d000 Compile date 2021-05-05 20:35:30
2022/06/21-00:26:51.786578 7fdc3178d000 DB SUMMARY
2022/06/21-00:26:51.786580 7fdc3178d000 DB Session ID:  EKWFISJ0XUKRU38UHKPG
2022/06/21-00:26:51.786648 7fdc3178d000 CURRENT file:  CURRENT
2022/06/21-00:26:51.786652 7fdc3178d000 IDENTITY file:  IDENTITY
2022/06/21-00:26:51.786659 7fdc3178d000 MANIFEST file:  MANIFEST-000004 size: 1376 Bytes
2022/06/21-00:26:51.786664 7fdc3178d000 SST files in .anchor/test-ledger/rocksdb dir, Total Num: 0, files: 
2022/06/21-00:26:51.786667 7fdc3178d000 Write Ahead Log file in .anchor/test-ledger/rocksdb: 000005.log size: 3922 ; 
2022/06/21-00:26:51.786670 7fdc3178d000                         Options.error_if_exists: 0
2022/06/21-00:26:51.786673 7fdc3178d000                       Options.create_if_missing: 1
2022/06/21-00:26:51.786675 7fdc3178d000                         Options.paranoid_checks: 1
2022/06/21-00:26:51.786677 7fdc3178d000                               Options.track_and_verify_wals_in_manifest: 0
2022/06/21-00:26:51.786679 7fdc3178d000                                     Options.env: 0x55b215990780
2022/06/21-00:26:51.786682 7fdc3178d000                                      Options.fs: Posix File System
2022/06/21-00:26:51.786685 7fdc3178d000                                Options.info_log: 0x55b216359ec0
2022/06/21-00:26:51.786687 7fdc3178d000                Options.max_file_opening_threads: 16
2022/06/21-00:26:51.786689 7fdc3178d000                              Options.statistics: (nil)
2022/06/21-00:26:51.786691 7fdc3178d000                               Options.use_fsync: 0
2022/06/21-00:26:51.786693 7fdc3178d000                       Options.max_log_file_size: 0
2022/06/21-00:26:51.786695 7fdc3178d000                  Options.max_manifest_file_size: 1073741824
2022/06/21-00:26:51.786697 7fdc3178d000                   Options.log_file_time_to_roll: 0
2022/06/21-00:26:51.786700 7fdc3178d000                       Options.keep_log_file_num: 1000
2022/06/21-00:26:51.786701 7fdc3178d000                    Options.recycle_log_file_num: 0
2022/06/21-00:26:51.786703 7fdc3178d000                         Options.allow_fallocate: 1
2022/06/21-00:26:51.786705 7fdc3178d000                        Options.allow_mmap_reads: 0
2022/06/21-00:26:51.786707 7fdc3178d000                       Options.allow_mmap_writes: 0
2022/06/21-00:26:51.786709 7fdc3178d000                        Options.use_direct_reads: 0
2022/06/21-00:26:51.786711 7fdc3178d000                        Options.use_direct_io_for_flush_and_compaction: 0
2022/06/21-00:26:51.786713 7fdc3178d000          Options.create_missing_column_families: 1
2022/06/21-00:26:51.786714 7fdc3178d000                              Options.db_log_dir: 
2022/06/21-00:26:51.786717 7fdc3178d000                                 Options.wal_dir: .anchor/test-ledger/rocksdb
2022/06/21-00:26:51.786718 7fdc3178d000                Options.table_cache_numshardbits: 6
2022/06/21-00:26:51.786720 7fdc3178d000                         Options.WAL_ttl_seconds: 0
2022/06/21-00:26:51.786722 7fdc3178d000                       Options.WAL_size_limit_MB: 0
2022/06/21-00:26:51.786724 7fdc3178d000                        Options.max_write_batch_group_size_bytes: 1048576
2022/06/21-00:26:51.786726 7fdc3178d000             Options.manifest_preallocation_size: 4194304
2022/06/21-00:26:51.786730 7fdc3178d000                     Options.is_fd_close_on_exec: 1
2022/06/21-00:26:51.786732 7fdc3178d000                   Options.advise_random_on_open: 1
2022/06/21-00:26:51.786733 7fdc3178d000                    Options.db_write_buffer_size: 0
2022/06/21-00:26:51.786735 7fdc3178d000                    Options.write_buffer_manager: 0x55b2163ad9d0
2022/06/21-00:26:51.786737 7fdc3178d000         Options.access_hint_on_compaction_start: 1
2022/06/21-00:26:51.786740 7fdc3178d000  Options.new_table_reader_for_compaction_inputs: 0
2022/06/21-00:26:51.786742 7fdc3178d000           Options.random_access_max_buffer_size: 1048576
2022/06/21-00:26:51.786744 7fdc3178d000                      Options.use_adaptive_mutex: 0
2022/06/21-00:26:51.786784 7fdc3178d000                            Options.rate_limiter: (nil)
2022/06/21-00:26:51.786786 7fdc3178d000     Options.sst_file_manager.rate_bytes_per_sec: 0
2022/06/21-00:26:51.786787 7fdc3178d000                       Options.wal_recovery_mode: 2
2022/06/21-00:26:51.786788 7fdc3178d000                  Options.enable_thread_tracking: 0
2022/06/21-00:26:51.786789 7fdc3178d000                  Options.enable_pipelined_write: 0
2022/06/21-00:26:51.786790 7fdc3178d000                  Options.unordered_write: 0
2022/06/21-00:26:51.786791 7fdc3178d000         Options.allow_concurrent_memtable_write: 1
2022/06/21-00:26:51.786792 7fdc3178d000      Options.enable_write_thread_adaptive_yield: 1
2022/06/21-00:26:51.786793 7fdc3178d000             Options.write_thread_max_yield_usec: 100
2022/06/21-00:26:51.786794 7fdc3178d000            Options.write_thread_slow_yield_usec: 3
2022/06/21-00:26:51.786795 7fdc3178d000                               Options.row_cache: None
2022/06/21-00:26:51.786796 7fdc3178d000                              Options.wal_filter: None
2022/06/21-00:26:51.786798 7fdc3178d000             Options.avoid_flush_during_recovery: 0
2022/06/21-00:26:51.786799 7fdc3178d000             Options.allow_ingest_behind: 0
2022/06/21-00:26:51.786799 7fdc3178d000             Options.preserve_deletes: 0
2022/06/21-00:26:51.786800 7fdc3178d000             Options.two_write_queues: 0
2022/06/21-00:26:51.786801 7fdc3178d000             Options.manual_wal_flush: 0
2022/06/21-00:26:51.786802 7fdc3178d000             Options.atomic_flush: 0
2022/06/21-00:26:51.786803 7fdc3178d000             Options.avoid_unnecessary_blocking_io: 0
2022/06/21-00:26:51.786804 7fdc3178d000                 Options.persist_stats_to_disk: 0
2022/06/21-00:26:51.786805 7fdc3178d000                 Options.write_dbid_to_manifest: 0
2022/06/21-00:26:51.786806 7fdc3178d000                 Options.log_readahead_size: 0
2022/06/21-00:26:51.786807 7fdc3178d000                 Options.file_checksum_gen_factory: Unknown
2022/06/21-00:26:51.786808 7fdc3178d000                 Options.best_efforts_recovery: 0
2022/06/21-00:26:51.786809 7fdc3178d000                Options.max_bgerror_resume_count: 2147483647
2022/06/21-00:26:51.786810 7fdc3178d000            Options.bgerror_resume_retry_interval: 1000000
2022/06/21-00:26:51.786811 7fdc3178d000             Options.allow_data_in_errors: 0
2022/06/21-00:26:51.786812 7fdc3178d000             Options.db_host_id: __hostname__
2022/06/21-00:26:51.786813 7fdc3178d000             Options.max_background_jobs: 4
2022/06/21-00:26:51.786814 7fdc3178d000             Options.max_background_compactions: -1
2022/06/21-00:26:51.786814 7fdc3178d000             Options.max_subcompactions: 1
2022/06/21-00:26:51.786815 7fdc3178d000             Options.avoid_flush_during_shutdown: 0
2022/06/21-00:26:51.786816 7fdc3178d000           Options.writable_file_max_buffer_size: 1048576
2022/06/21-00:26:51.786817 7fdc3178d000             Options.delayed_write_rate : 16777216
2022/06/21-00:26:51.786818 7fdc3178d000             Options.max_total_wal_size: 4294967296
2022/06/21-00:26:51.786819 7fdc3178d000             Options.delete_obsolete_files_period_micros: 21600000000
2022/06/21-00:26:51.786820 7fdc3178d000                   Options.stats_dump_period_sec: 600
2022/06/21-00:26:51.786821 7fdc3178d000                 Options.stats_persist_period_sec: 600
2022/06/21-00:26:51.786822 7fdc3178d000                 Options.stats_history_buffer_size: 1048576
2022/06/21-00:26:51.786823 7fdc3178d000                          Options.max_open_files: -1
2022/06/21-00:26:51.786824 7fdc3178d000                          Options.bytes_per_sync: 0
2022/06/21-00:26:51.786825 7fdc3178d000                      Options.wal_bytes_per_sync: 0
2022/06/21-00:26:51.786826 7fdc3178d000                   Options.strict_bytes_per_sync: 0
2022/06/21-00:26:51.786827 7fdc3178d000       Options.compaction_readahead_size: 0
2022/06/21-00:26:51.786828 7fdc3178d000                  Options.max_background_flushes: -1
2022/06/21-00:26:51.786845 7fdc3178d000 Compression algorithms supported:
2022/06/21-00:26:51.786847 7fdc3178d000 	kZSTDNotFinalCompression supported: 0
2022/06/21-00:26:51.786849 7fdc3178d000 	kZSTD supported: 0
2022/06/21-00:26:51.786850 7fdc3178d000 	kXpressCompression supported: 0
2022/06/21-00:26:51.786851 7fdc3178d000 	kLZ4HCCompression supported: 1
2022/06/21-00:26:51.786852 7fdc3178d000 	kLZ4Compression supported: 1
2022/06/21-00:26:51.786853 7fdc3178d000 	kBZip2Compression supported: 0
2022/06/21-00:26:51.786854 7fdc3178d000 	kZlibCompression supported: 0
2022/06/21-00:26:51.786855 7fdc3178d000 	kSnappyCompression supported: 0
2022/06/21-00:26:51.786857 7fdc3178d000 Fast CRC32 supported: Not supported on x86
2022/06/21-00:26:51.786916 7fdc3178d000 [db/version_set.cc:4627] Recovering from manifest file: .anchor/test-ledger/rocksdb/MANIFEST-000004
2022/06/21-00:26:51.787110 7fdc3178d000 [db/column_family.cc:598] --------------- Options for column family [default]:
2022/06/21-00:26:51.787113 7fdc3178d000               Options.comparator: leveldb.BytewiseComparator
2022/06/21-00:26:51.787115 7fdc3178d000           Options.merge_operator: None
2022/06/21-00:26:51.787116 7fdc3178d000        Options.compaction_filter: None
2022/06/21-00:26:51.787117 7fdc3178d000        Options.compaction_filter_factory: None
2022/06/21-00:26:51.787118 7fdc3178d000  Options.sst_partitioner_factory: None
2022/06/21-00:26:51.787119 7fdc3178d000         Options.memtable_factory: SkipListFactory
2022/06/21-00:26:51.787120 7fdc3178d000            Options.table_factory: BlockBasedTable
2022/06/21-00:26:51.787157 7fdc3178d000            table_factory options:   flush_block_policy_factory: FlushBlockBySizePolicyFactory (0x55b2162e9f50)
  cache_index_and_filter_blocks: 0
  cache_index_and_filter_blocks_with_high_priority: 1
  pin_l0_filter_and_index_blocks_in_cache: 0
  pin_top_level_index_and_filter: 1
  index_type: 0
  data_block_index_type: 0
  index_shortening: 1
  data_block_hash_table_util_ratio: 0.750000
  hash_index_allow_collision: 1
  checksum: 1
  no_block_cache: 0
  block_cache: 0x55b2162e9fa0
  block_cache_name: LRUCache
  block_cache_options:
    capacity : 8388608
    num_shard_bits : 4
    strict_capacity_limit : 0
    memory_allocator : None
    high_pri_pool_ratio: 0.000
  block_cache_compressed: (nil)
  persistent_cache: (nil)
  block_size: 4096
  block_size_deviation: 10
  block_restart_interval: 16
  index_block_restart_interval: 1
  metadata_block_size: 4096
  partition_filters: 0
  use_delta_encoding: 1
  filter_policy: nullptr
  whole_key_filtering: 1
  verify_compression: 0
  read_amp_bytes_per_bit: 0
  format_version: 5
  enable_index_compression: 1
  block_align: 0
2022/06/21-00:26:51.787159 7fdc3178d000        Options.write_buffer_size: 67108864
2022/06/21-00:26:51.787160 7fdc3178d000  Options.max_write_buffer_number: 2
2022/06/21-00:26:51.787161 7fdc3178d000          Options.compression: NoCompression
2022/06/21-00:26:51.787162 7fdc3178d000                  Options.bottommost_compression: Disabled
2022/06/21-00:26:51.787163 7fdc3178d000       Options.prefix_extractor: nullptr
2022/06/21-00:26:51.787164 7fdc3178d000   Options.memtable_insert_with_hint_prefix_extractor: nullptr
2022/06/21-00:26:51.787165 7fdc3178d000             Options.num_levels: 7
2022/06/21-00:26:51.787166 7fdc3178d000        Options.min_write_buffer_number_to_merge: 1
2022/06/21-00:26:51.787167 7fdc3178d000     Options.max_write_buffer_number_to_maintain: 0
2022/06/21-00:26:51.787168 7fdc3178d000     Options.max_write_buffer_size_to_maintain: 0
2022/06/21-00:26:51.787169 7fdc3178d000            Options.bottommost_compression_opts.window_bits: -14
2022/06/21-00:26:51.787170 7fdc3178d000                  Options.bottommost_compression_opts.level: 32767
2022/06/21-00:26:51.787171 7fdc3178d000               Options.bottommost_compression_opts.strategy: 0
2022/06/21-00:26:51.787172 7fdc3178d000         Options.bottommost_compression_opts.max_dict_bytes: 0
2022/06/21-00:26:51.787173 7fdc3178d000         Options.bottommost_compression_opts.zstd_max_train_bytes: 0
2022/06/21-00:26:51.787204 7fdc3178d000         Options.bottommost_compression_opts.parallel_threads: 1
2022/06/21-00:26:51.787206 7fdc3178d000                  Options.bottommost_compression_opts.enabled: false
2022/06/21-00:26:51.787207 7fdc3178d000         Options.bottommost_compression_opts.max_dict_buffer_bytes: 0
2022/06/21-00:26:51.787208 7fdc3178d000            Options.compression_opts.window_bits: -14
2022/06/21-00:26:51.787209 7fdc3178d000                  Options.compression_opts.level: 32767
2022/06/21-00:26:51.787210 7fdc3178d000               Options.compression_opts.strategy: 0
2022/06/21-00:26:51.787211 7fdc3178d000         Options.compression_opts.max_dict_bytes: 0
2022/06/21-00:26:51.787212 7fdc3178d000         Options.compression_opts.zstd_max_train_bytes: 0
2022/06/21-00:26:51.787213 7fdc3178d000         Options.compression_opts.parallel_threads: 1
2022/06/21-00:26:51.787214 7fdc3178d000                  Options.compression_opts.enabled: false
2022/06/21-00:26:51.787215 7fdc3178d000         Options.compression_opts.max_dict_buffer_bytes: 0
2022/06/21-00:26:51.787216 7fdc3178d000      Options.level0_file_num_compaction_trigger: 4
2022/06/21-00:26:51.787217 7fdc3178d000          Options.level0_slowdown_writes_trigger: 20
2022/06/21-00:26:51.787218 7fdc3178d000              Options.level0_stop_writes_trigger: 36
2022/06/21-00:26:51.787219 7fdc3178d000                   Options.target_file_size_base: 67108864
2022/06/21-00:26:51.787220 7fdc3178d000             Options.target_file_size_multiplier: 1
2022/06/21-00:26:51.787221 7fdc3178d000                Options.max_bytes_for_level_base: 268435456
2022/06/21-00:26:51.787222 7fdc3178d000 Options.level_compaction_dynamic_level_bytes: 0
2022/06/21-00:26:51.787223 7fdc3178d000          Options.max_bytes_for_level_multiplier: 10.000000
2022/06/21-00:26:51.787226 7fdc3178d000 Options.max_bytes_for_level_multiplier_addtl[0]: 1
2022/06/21-00:26:51.787227 7fdc3178d000 Options.max_bytes_for_level_multiplier_addtl[1]: 1
2022/06/21-00:26:51.787228 7fdc3178d000 Options.max_bytes_for_level_multiplier_addtl[2]: 1
2022/06/21-00:26:51.787229 7fdc3178d000 Options.max_bytes_for_level_multiplier_addtl[3]: 1
2022/06/21-00:26:51.787230 7fdc3178d000 Options.max_bytes_for_level_multiplier_addtl[4]: 1
2022/06/21-00:26:51.787231 7fdc3178d000 Options.max_bytes_for_level_multiplier_addtl[5]: 1
2022/06/21-00:26:51.787232 7fdc3178d000 Options.max_bytes_for_level_multiplier_addtl[6]: 1
2022/06/21-00:26:51.787233 7fdc3178d000       Options.max_sequential_skip_in_iterations: 8
2022/06/21-00:26:51.787234 7fdc3178d000                    Options.max_compaction_bytes: 1677721600
2022/06/21-00:26:51.787235 7fdc3178d000                        Options.arena_block_size: 8388608
2022/06/21-00:26:51.787236 7fdc3178d000   Options.soft_pending_compaction_bytes_limit: 68719476736
2022/06/21-00:26:51.787237 7fdc3178d000   Options.hard_pending_compaction_bytes_limit: 274877906944
2022/06/21-00:26:51.787238 7fdc3178d000       Options.rate_limit_delay_max_milliseconds: 100
2022/06/21-00:26:51.787239 7fdc3178d000                Options.disable_auto_compactions: 0
2022/06/21-00:26:51.787241 7fdc3178d000                        Options.compaction_style: kCompactionStyleLevel
2022/06/21-00:26:51.787242 7fdc3178d000                          Options.compaction_pri: kMinOverlappingRatio
2022/06/21-00:26:51.787243 7fdc3178d000 Options.compaction_options_universal.size_ratio: 1
2022/06/21-00:26:51.787244 7fdc3178d000 Options.compaction_options_universal.min_merge_width: 2
2022/06/21-00:26:51.787245 7fdc3178d000 Options.compaction_options_universal.max_merge_width: 4294967295
2022/06/21-00:26:51.787246 7fdc3178d000 Options.compaction_options_universal.max_size_amplification_percent: 200
2022/06/21-00:26:51.787247 7fdc3178d000 Options.compaction_options_universal.compression_size_percent: -1
2022/06/21-00:26:51.787248 7fdc3178d000 Options.compaction_options_universal.stop_style: kCompactionStopStyleTotalSize
2022/06/21-00:26:51.787249 7fdc3178d000 Options.compaction_options_fifo.max_table_files_size: 1073741824
2022/06/21-00:26:51.787269 7fdc3178d000 Options.compaction_options_fifo.allow_compaction: 0
2022/06/21-00:26:51.787278 7fdc3178d000                   Options.table_properties_collectors: 
2022/06/21-00:26:51.787280 7fdc3178d000                   Options.inplace_update_support: 0
2022/06/21-00:26:51.787281 7fdc3178d000                 Options.inplace_update_num_locks: 10000
2022/06/21-00:26:51.787282 7fdc3178d000               Options.memtable_prefix_bloom_size_ratio: 0.000000
2022/06/21-00:26:51.787283 7fdc3178d000               Options.memtable_whole_key_filtering: 0
2022/06/21-00:26:51.787284 7fdc3178d000   Options.memtable_huge_page_size: 0
2022/06/21-00:26:51.787285 7fdc3178d000                           Options.bloom_locality: 0
2022/06/21-00:26:51.787286 7fdc3178d000                    Options.max_successive_merges: 0
2022/06/21-00:26:51.787287 7fdc3178d000                Options.optimize_filters_for_hits: 0
2022/06/21-00:26:51.787288 7fdc3178d000                Options.paranoid_file_checks: 0
2022/06/21-00:26:51.787289 7fdc3178d000                Options.force_consistency_checks: 1
2022/06/21-00:26:51.787290 7fdc3178d000                Options.report_bg_io_stats: 0
2022/06/21-00:26:51.787291 7fdc3178d000                               Options.ttl: 2592000
2022/06/21-00:26:51.787292 7fdc3178d000          Options.periodic_compaction_seconds: 0
2022/06/21-00:26:51.787293 7fdc3178d000                    Options.enable_blob_files: false
2022/06/21-00:26:51.787294 7fdc3178d000                        Options.min_blob_size: 0
2022/06/21-00:26:51.787295 7fdc3178d000                       Options.blob_file_size: 268435456
2022/06/21-00:26:51.787296 7fdc3178d000                Options.blob_compression_type: NoCompression
2022/06/21-00:26:51.787297 7fdc3178d000       Options.enable_blob_garbage_collection: false
2022/06/21-00:26:51.787298 7fdc3178d000   Options.blob_garbage_collection_age_cutoff: 0.250000
2022/06/21-00:26:51.787373 7fdc3178d000 [db/column_family.cc:598] --------------- Options for column family [meta]:
2022/06/21-00:26:51.787376 7fdc3178d000               Options.comparator: leveldb.BytewiseComparator
2022/06/21-00:26:51.787377 7fdc3178d000           Options.merge_operator: None
2022/06/21-00:26:51.787378 7fdc3178d000        Options.compaction_filter: None
2022/06/21-00:26:51.787379 7fdc3178d000        Options.compaction_filter_factory: purged_slot_filter_factory(meta)
2022/06/21-00:26:51.787380 7fdc3178d000  Options.sst_partitioner_factory: None
2022/06/21-00:26:51.787381 7fdc3178d000         Options.memtable_factory: SkipListFactory
2022/06/21-00:26:51.787382 7fdc3178d000            Options.table_factory: BlockBasedTable
2022/06/21-00:26:51.787398 7fdc3178d000            table_factory options:   flush_block_policy_factory: FlushBlockBySizePolicyFactory (0x55b216325b40)
  cache_index_and_filter_blocks: 0
  cache_index_and_filter_blocks_with_high_priority: 1
  pin_l0_filter_and_index_blocks_in_cache: 0
  pin_top_level_index_and_filter: 1
  index_type: 0
  data_block_index_type: 0
  index_shortening: 1
  data_block_hash_table_util_ratio: 0.750000
  hash_index_allow_collision: 1
  checksum: 1
  no_block_cache: 0
  block_cache: 0x55b216297a60
  block_cache_name: LRUCache
  block_cache_options:
    capacity : 8388608
    num_shard_bits : 4
    strict_capacity_limit : 0
    memory_allocator : None
    high_pri_pool_ratio: 0.000
  block_cache_compressed: (nil)
  persistent_cache: (nil)
  block_size: 4096
  block_size_deviation: 10
  block_restart_interval: 16
  index_block_restart_interval: 1
  metadata_block_size: 4096
  partition_filters: 0
  use_delta_encoding: 1
  filter_policy: nullptr
  whole_key_filtering: 1
  verify_compression: 0
  read_amp_bytes_per_bit: 0
  format_version: 5
  enable_index_compression: 1
  block_align: 0
2022/06/21-00:26:51.787399 7fdc3178d000        Options.write_buffer_size: 268435456
2022/06/21-00:26:51.787401 7fdc3178d000  Options.max_write_buffer_number: 8
2022/06/21-00:26:51.787402 7fdc3178d000          Options.compression: NoCompression
2022/06/21-00:26:51.787429 7fdc3178d000                  Options.bottommost_compression: Disabled
2022/06/21-00:26:51.787431 7fdc3178d000       Options.prefix_extractor: nullptr
2022/06/21-00:26:51.787432 7fdc3178d000   Options.memtable_insert_with_hint_prefix_extractor: nullptr
2022/06/21-00:26:51.787433 7fdc3178d000             Options.num_levels: 7
2022/06/21-00:26:51.787434 7fdc3178d000        Options.min_write_buffer_number_to_merge: 1
2022/06/21-00:26:51.787435 7fdc3178d000     Options.max_write_buffer_number_to_maintain: 0
2022/06/21-00:26:51.787435 7fdc3178d000     Options.max_write_buffer_size_to_maintain: 0
2022/06/21-00:26:51.787436 7fdc3178d000            Options.bottommost_compression_opts.window_bits: -14
2022/06/21-00:26:51.787437 7fdc3178d000                  Options.bottommost_compression_opts.level: 32767
2022/06/21-00:26:51.787438 7fdc3178d000               Options.bottommost_compression_opts.strategy: 0
2022/06/21-00:26:51.787439 7fdc3178d000         Options.bottommost_compression_opts.max_dict_bytes: 0
2022/06/21-00:26:51.787440 7fdc3178d000         Options.bottommost_compression_opts.zstd_max_train_bytes: 0
2022/06/21-00:26:51.787441 7fdc3178d000         Options.bottommost_compression_opts.parallel_threads: 1
2022/06/21-00:26:51.787442 7fdc3178d000                  Options.bottommost_compression_opts.enabled: false
2022/06/21-00:26:51.787443 7fdc3178d000         Options.bottommost_compression_opts.max_dict_buffer_bytes: 0
2022/06/21-00:26:51.787444 7fdc3178d000            Options.compression_opts.window_bits: -14
2022/06/21-00:26:51.787445 7fdc3178d000                  Options.compression_opts.level: 32767
2022/06/21-00:26:51.787446 7fdc3178d000               Options.compression_opts.strategy: 0
2022/06/21-00:26:51.787447 7fdc3178d000         Options.compression_opts.max_dict_bytes: 0
2022/06/21-00:26:51.787448 7fdc3178d000         Options.compression_opts.zstd_max_train_bytes: 0
2022/06/21-00:26:51.787449 7fdc3178d000         Options.compression_opts.parallel_threads: 1
2022/06/21-00:26:51.787450 7fdc3178d000                  Options.compression_opts.enabled: false
2022/06/21-00:26:51.787451 7fdc3178d000         Options.compression_opts.max_dict_buffer_bytes: 0
2022/06/21-00:26:51.787452 7fdc3178d000      Options.level0_file_num_compaction_trigger: 4
2022/06/21-00:26:51.787453 7fdc3178d000          Options.level0_slowdown_writes_trigger: 20
2022/06/21-00:26:51.787454 7fdc3178d000              Options.level0_stop_writes_trigger: 36
2022/06/21-00:26:51.787454 7fdc3178d000                   Options.target_file_size_base: 107374182
2022/06/21-00:26:51.787455 7fdc3178d000             Options.target_file_size_multiplier: 1
2022/06/21-00:26:51.787456 7fdc3178d000                Options.max_bytes_for_level_base: 1073741824
2022/06/21-00:26:51.787457 7fdc3178d000 Options.level_compaction_dynamic_level_bytes: 0
2022/06/21-00:26:51.787458 7fdc3178d000          Options.max_bytes_for_level_multiplier: 10.000000
2022/06/21-00:26:51.787460 7fdc3178d000 Options.max_bytes_for_level_multiplier_addtl[0]: 1
2022/06/21-00:26:51.787461 7fdc3178d000 Options.max_bytes_for_level_multiplier_addtl[1]: 1
2022/06/21-00:26:51.787462 7fdc3178d000 Options.max_bytes_for_level_multiplier_addtl[2]: 1
2022/06/21-00:26:51.787463 7fdc3178d000 Options.max_bytes_for_level_multiplier_addtl[3]: 1
2022/06/21-00:26:51.787464 7fdc3178d000 Options.max_bytes_for_level_multiplier_addtl[4]: 1
2022/06/21-00:26:51.787465 7fdc3178d000 Options.max_bytes_for_level_multiplier_addtl[5]: 1
2022/06/21-00:26:51.787466 7fdc3178d000 Options.max_bytes_for_level_multiplier_addtl[6]: 1
2022/06/21-00:26:51.787467 7fdc3178d000       Options.max_sequential_skip_in_iterations: 8
2022/06/21-00:26:51.787468 7fdc3178d000                    Options.max_compaction_bytes: 2684354550
2022/06/21-00:26:51.787469 7fdc3178d000                        Options.arena_block_size: 33554432
2022/06/21-00:26:51.787470 7fdc3178d000   Options.soft_pending_compaction_bytes_limit: 68719476736
2022/06/21-00:26:51.787471 7fdc3178d000   Options.hard_pending_compaction_bytes_limit: 274877906944
2022/06/21-00:26:51.787498 7fdc3178d000       Options.rate_limit_delay_max_milliseconds: 100
2022/06/21-00:26:51.787500 7fdc3178d000                Options.disable_auto_compactions: 0
2022/06/21-00:26:51.787501 7fdc3178d000                        Options.compaction_style: kCompactionStyleLevel
2022/06/21-00:26:51.787502 7fdc3178d000                          Options.compaction_pri: kMinOverlappingRatio
2022/06/21-00:26:51.787503 7fdc3178d000 Options.compaction_options_universal.size_ratio: 1
2022/06/21-00:26:51.787504 7fdc3178d000 Options.compaction_options_universal.min_merge_width: 2
2022/06/21-00:26:51.787505 7fdc3178d000 Options.compaction_options_universal.max_merge_width: 4294967295
2022/06/21-00:26:51.787506 7fdc3178d000 Options.compaction_options_universal.max_size_amplification_percent: 200
2022/06/21-00:26:51.787507 7fdc3178d000 Options.compaction_options_universal.compression_size_percent: -1
2022/06/21-00:26:51.787508 7fdc3178d000 Options.compaction_options_universal.stop_style: kCompactionStopStyleTotalSize
2022/06/21-00:26:51.787509 7fdc3178d000 Options.compaction_options_fifo.max_table_files_size: 1073741824
2022/06/21-00:26:51.787510 7fdc3178d000 Options.compaction_options_fifo.allow_compaction: 0
2022/06/21-00:26:51.787513 7fdc3178d000                   Options.table_properties_collectors: 
2022/06/21-00:26:51.787514 7fdc3178d000                   Options.inplace_update_support: 0
2022/06/21-00:26:51.787515 7fdc3178d000                 Options.inplace_update_num_locks: 10000
2022/06/21-00:26:51.787516 7fdc3178d000               Options.memtable_prefix_bloom_size_ratio: 0.000000
2022/06/21-00:26:51.787517 7fdc3178d000               Options.memtable_whole_key_filtering: 0
2022/06/21-00:26:51.787518 7fdc3178d000   Options.memtable_huge_page_size: 0
2022/06/21-00:26:51.787519 7fdc3178d000                           Options.bloom_locality: 0
2022/06/21-00:26:51.787520 7fdc3178d000                    Options.max_successive_merges: 0
2022/06/21-00:26:51.787521 7fdc3178d000                Options.optimize_filters_for_hits: 0
2022/06/21-00:26:51.787522 7fdc3178d000                Options.paranoid_file_checks: 0
2022/06/21-00:26:51.787523 7fdc3178d000                Options.force_consistency_checks: 1
2022/06/21-00:26:51.787524 7fdc3178d000                Options.report_bg_io_stats: 0
2022/06/21-00:26:51.787525 7fdc3178d000                               Options.ttl: 2592000
2022/06/21-00:26:51.787526 7fdc3178d000          Options.periodic_compaction_seconds: 2592000
2022/06/21-00:26:51.787527 7fdc3178d000                    Options.enable_blob_files: false
2022/06/21-00:26:51.787528 7fdc3178d000                        Options.min_blob_size: 0
2022/06/21-00:26:51.787529 7fdc3178d000                       Options.blob_file_size: 268435456
2022/06/21-00:26:51.787530 7fdc3178d000                Options.blob_compression_type: NoCompression
2022/06/21-00:26:51.787531 7fdc3178d000       Options.enable_blob_garbage_collection: false
2022/06/21-00:26:51.787532 7fdc3178d000   Options.blob_garbage_collection_age_cutoff: 0.250000
2022/06/21-00:26:51.787577 7fdc3178d000 [db/column_family.cc:598] --------------- Options for column family [dead_slots]:
2022/06/21-00:26:51.787579 7fdc3178d000               Options.comparator: leveldb.BytewiseComparator
2022/06/21-00:26:51.787580 7fdc3178d000           Options.merge_operator: None
2022/06/21-00:26:51.787581 7fdc3178d000        Options.compaction_filter: None
2022/06/21-00:26:51.787582 7fdc3178d000        Options.compaction_filter_factory: purged_slot_filter_factory(dead_slots)
2022/06/21-00:26:51.787583 7fdc3178d000  Options.sst_partitioner_factory: None
2022/06/21-00:26:51.787584 7fdc3178d000         Options.memtable_factory: SkipListFactory
2022/06/21-00:26:51.787585 7fdc3178d000            Options.table_factory: BlockBasedTable
2022/06/21-00:26:51.787599 7fdc3178d000            table_factory options:   flush_block_policy_factory: FlushBlockBySizePolicyFactory (0x55b21646a7e0)
  cache_index_and_filter_blocks: 0
  cache_index_and_filter_blocks_with_high_priority: 1
  pin_l0_filter_and_index_blocks_in_cache: 0
  pin_top_level_index_and_filter: 1
  index_type: 0
  data_block_index_type: 0
  index_shortening: 1
  data_block_hash_table_util_ratio: 0.750000
  hash_index_allow_collision: 1
  checksum: 1
  no_block_cache: 0
  block_cache: 0x55b21645e460
  block_cache_name: LRUCache
  block_cache_options:
    capacity : 8388608
    num_shard_bits : 4
    strict_capacity_limit : 0
    memory_allocator : None
    high_pri_pool_ratio: 0.000
  block_cache_compressed: (nil)
  persistent_cache: (nil)
  block_size: 4096
  block_size_deviation: 10
  block_restart_interval: 16
  index_block_restart_interval: 1
  metadata_block_size: 4096
  partition_filters: 0
  use_delta_encoding: 1
  filter_policy: nullptr
  whole_key_filtering: 1
  verify_compression: 0
  read_amp_bytes_per_bit: 0
  format_version: 5
  enable_index_compression: 1
  block_align: 0
2022/06/21-00:26:51.787630 7fdc3178d000        Options.write_buffer_size: 268435456
2022/06/21-00:26:51.787631 7fdc3178d000  Options.max_write_buffer_number: 8
2022/06/21-00:26:51.787632 7fdc3178d000          Options.compression: NoCompression
2022/06/21-00:26:51.787633 7fdc3178d000                  Options.bottommost_compression: Disabled
2022/06/21-00:26:51.787634 7fdc3178d000       Options.prefix_extractor: nullptr
2022/06/21-00:26:51.787635 7fdc3178d000   Options.memtable_insert_with_hint_prefix_extractor: nullptr
2022/06/21-00:26:51.787636 7fdc3178d000             Options.num_levels: 7
2022/06/21-00:26:51.787637 7fdc3178d000        Options.min_write_buffer_number_to_merge: 1
2022/06/21-00:26:51.787638 7fdc3178d000     Options.max_write_buffer_number_to_maintain: 0
2022/06/21-00:26:51.787639 7fdc3178d000     Options.max_write_buffer_size_to_maintain: 0
2022/06/21-00:26:51.787640 7fdc3178d000            Options.bottommost_compression_opts.window_bits: -14
2022/06/21-00:26:51.787641 7fdc3178d000                  Options.bottommost_compression_opts.level: 32767
2022/06/21-00:26:51.787642 7fdc3178d000               Options.bottommost_compression_opts.strategy: 0
2022/06/21-00:26:51.787643 7fdc3178d000         Options.bottommost_compression_opts.max_dict_bytes: 0
2022/06/21-00:26:51.787644 7fdc3178d000         Options.bottommost_compression_opts.zstd_max_train_bytes: 0
2022/06/21-00:26:51.787645 7fdc3178d000         Options.bottommost_compression_opts.parallel_threads: 1
2022/06/21-00:26:51.787646 7fdc3178d000                  Options.bottommost_compression_opts.enabled: false
2022/06/21-00:26:51.787647 7fdc3178d000         Options.bottommost_compression_opts.max_dict_buffer_bytes: 0
2022/06/21-00:26:51.787648 7fdc3178d000            Options.compression_opts.window_bits: -14
2022/06/21-00:26:51.787649 7fdc3178d000                  Options.compression_opts.level: 32767
2022/06/21-00:26:51.787650 7fdc3178d000               Options.compression_opts.strategy: 0
2022/06/21-00:26:51.787650 7fdc3178d000         Options.compression_opts.max_dict_bytes: 0
2022/06/21-00:26:51.787651 7fdc3178d000         Options.compression_opts.zstd_max_train_bytes: 0
2022/06/21-00:26:51.787652 7fdc3178d000         Options.compression_opts.parallel_threads: 1
2022/06/21-00:26:51.787653 7fdc3178d000                  Options.compression_opts.enabled: false
2022/06/21-00:26:51.787654 7fdc3178d000         Options.compression_opts.max_dict_buffer_bytes: 0
2022/06/21-00:26:51.787655 7fdc3178d000      Options.level0_file_num_compaction_trigger: 4
2022/06/21-00:26:51.787656 7fdc3178d000          Options.level0_slowdown_writes_trigger: 20
2022/06/21-00:26:51.787657 7fdc3178d000              Options.level0_stop_writes_trigger: 36
2022/06/21-00:26:51.787658 7fdc3178d000                   Options.target_file_size_base: 107374182
2022/06/21-00:26:51.787659 7fdc3178d000             Options.target_file_size_multiplier: 1
2022/06/21-00:26:51.787660 7fdc3178d000                Options.max_bytes_for_level_base: 1073741824
2022/06/21-00:26:51.787661 7fdc3178d000 Options.level_compaction_dynamic_level_bytes: 0
2022/06/21-00:26:51.787662 7fdc3178d000          Options.max_bytes_for_level_multiplier: 10.000000
2022/06/21-00:26:51.787680 7fdc3178d000 Options.max_bytes_for_level_multiplier_addtl[0]: 1
2022/06/21-00:26:51.787681 7fdc3178d000 Options.max_bytes_for_level_multiplier_addtl[1]: 1
2022/06/21-00:26:51.787682 7fdc3178d000 Options.max_bytes_for_level_multiplier_addtl[2]: 1
2022/06/21-00:26:51.787683 7fdc3178d000 Options.max_bytes_for_level_multiplier_addtl[3]: 1
2022/06/21-00:26:51.787684 7fdc3178d000 Options.max_bytes_for_level_multiplier_addtl[4]: 1
2022/06/21-00:26:51.787685 7fdc3178d000 Options.max_bytes_for_level_multiplier_addtl[5]: 1
2022/06/21-00:26:51.787686 7fdc3178d000 Options.max_bytes_for_level_multiplier_addtl[6]: 1
2022/06/21-00:26:51.787687 7fdc3178d000       Options.max_sequential_skip_in_iterations: 8
2022/06/21-00:26:51.787688 7fdc3178d000                    Options.max_compaction_bytes: 2684354550
2022/06/21-00:26:51.787689 7fdc3178d000                        Options.arena_block_size: 33554432
2022/06/21-00:26:51.787690 7fdc3178d000   Options.soft_pending_compaction_bytes_limit: 68719476736
2022/06/21-00:26:51.787691 7fdc3178d000   Options.hard_pending_compaction_bytes_limit: 274877906944
2022/06/21-00:26:51.787692 7fdc3178d000       Options.rate_limit_delay_max_milliseconds: 100
2022/06/21-00:26:51.787693 7fdc3178d000                Options.disable_auto_compactions: 0
2022/06/21-00:26:51.787694 7fdc3178d000                        Options.compaction_style: kCompactionStyleLevel
2022/06/21-00:26:51.787695 7fdc3178d000                          Options.compaction_pri: kMinOverlappingRatio
2022/06/21-00:26:51.787696 7fdc3178d000 Options.compaction_options_universal.size_ratio: 1
2022/06/21-00:26:51.787697 7fdc3178d000 Options.compaction_options_universal.min_merge_width: 2
2022/06/21-00:26:51.787698 7fdc3178d000 Options.compaction_options_universal.max_merge_width: 4294967295
2022/06/21-00:26:51.787699 7fdc3178d000 Options.compaction_options_universal.max_size_amplification_percent: 200
2022/06/21-00:26:51.787700 7fdc3178d000 Options.compaction_options_universal.compression_size_percent: -1
2022/06/21-00:26:51.787701 7fdc3178d000 Options.compaction_options_universal.stop_style: kCompactionStopStyleTotalSize
2022/06/21-00:26:51.787702 7fdc3178d000 Options.compaction_options_fifo.max_table_files_size: 1073741824
2022/06/21-00:26:51.787703 7fdc3178d000 Options.compaction_options_fifo.allow_compaction: 0
2022/06/21-00:26:51.787705 7fdc3178d000                   Options.table_properties_collectors: 
2022/06/21-00:26:51.787706 7fdc3178d000                   Options.inplace_update_support: 0
2022/06/21-00:26:51.787707 7fdc3178d000                 Options.inplace_update_num_locks: 10000
2022/06/21-00:26:51.787708 7fdc3178d000               Options.memtable_prefix_bloom_size_ratio: 0.000000
2022/06/21-00:26:51.787709 7fdc3178d000               Options.memtable_whole_key_filtering: 0
2022/06/21-00:26:51.787710 7fdc3178d000   Options.memtable_huge_page_size: 0
2022/06/21-00:26:51.787711 7fdc3178d000                           Options.bloom_locality: 0
2022/06/21-00:26:51.787712 7fdc3178d000                    Options.max_successive_merges: 0
2022/06/21-00:26:51.787713 7fdc3178d000                Options.optimize_filters_for_hits: 0
2022/06/21-00:26:51.787714 7fdc3178d000                Options.paranoid_file_checks: 0
2022/06/21-00:26:51.787715 7fdc3178d000                Options.force_consistency_checks: 1
2022/06/21-00:26:51.787716 7fdc3178d000                Options.report_bg_io_stats: 0
2022/06/21-00:26:51.787717 7fdc3178d000                               Options.ttl: 2592000
2022/06/21-00:26:51.787718 7fdc3178d000          Options.periodic_compaction_seconds: 2592000
2022/06/21-00:26:51.787719 7fdc3178d000                    Options.enable_blob_files: false
2022/06/21-00:26:51.787720 7fdc3178d000                        Options.min_blob_size: 0
2022/06/21-00:26:51.787720 7fdc3178d000                       Options.blob_file_size: 268435456
2022/06/21-00:26:51.787721 7fdc3178d000                Options.blob_compression_type: NoCompression
2022/06/21-00:26:51.787722 7fdc3178d000       Options.enable_blob_garbage_collection: false
2022/06/21-00:26:51.787742 7fdc3178d000   Options.blob_garbage_collection_age_cutoff: 0.250000
2022/06/21-00:26:51.787775 7fdc3178d000 [db/column_family.cc:598] --------------- Options for column family [duplicate_slots]:
2022/06/21-00:26:51.787777 7fdc3178d000               Options.comparator: leveldb.BytewiseComparator
2022/06/21-00:26:51.787778 7fdc3178d000           Options.merge_operator: None
2022/06/21-00:26:51.787779 7fdc3178d000        Options.compaction_filter: None
2022/06/21-00:26:51.787780 7fdc3178d000        Options.compaction_filter_factory: purged_slot_filter_factory(duplicate_slots)
2022/06/21-00:26:51.787781 7fdc3178d000  Options.sst_partitioner_factory: None
2022/06/21-00:26:51.787782 7fdc3178d000         Options.memtable_factory: SkipListFactory
2022/06/21-00:26:51.787783 7fdc3178d000            Options.table_factory: BlockBasedTable
2022/06/21-00:26:51.787796 7fdc3178d000            table_factory options:   flush_block_policy_factory: FlushBlockBySizePolicyFactory (0x55b216270930)
  cache_index_and_filter_blocks: 0
  cache_index_and_filter_blocks_with_high_priority: 1
  pin_l0_filter_and_index_blocks_in_cache: 0
  pin_top_level_index_and_filter: 1
  index_type: 0
  data_block_index_type: 0
  index_shortening: 1
  data_block_hash_table_util_ratio: 0.750000
  hash_index_allow_collision: 1
  checksum: 1
  no_block_cache: 0
  block_cache: 0x55b2163bd0b0
  block_cache_name: LRUCache
  block_cache_options:
    capacity : 8388608
    num_shard_bits : 4
    strict_capacity_limit : 0
    memory_allocator : None
    high_pri_pool_ratio: 0.000
  block_cache_compressed: (nil)
  persistent_cache: (nil)
  block_size: 4096
  block_size_deviation: 10
  block_restart_interval: 16
  index_block_restart_interval: 1
  metadata_block_size: 4096
  partition_filters: 0
  use_delta_encoding: 1
  filter_policy: nullptr
  whole_key_filtering: 1
  verify_compression: 0
  read_amp_bytes_per_bit: 0
  format_version: 5
  enable_index_compression: 1
  block_align: 0
2022/06/21-00:26:51.787797 7fdc3178d000        Options.write_buffer_size: 268435456
2022/06/21-00:26:51.787798 7fdc3178d000  Options.max_write_buffer_number: 8
2022/06/21-00:26:51.787799 7fdc3178d000          Options.compression: NoCompression
2022/06/21-00:26:51.787800 7fdc3178d000                  Options.bottommost_compression: Disabled
2022/06/21-00:26:51.787801 7fdc3178d000       Options.prefix_extractor: nullptr
2022/06/21-00:26:51.787802 7fdc3178d000   Options.memtable_insert_with_hint_prefix_extractor: nullptr
2022/06/21-00:26:51.787803 7fdc3178d000             Options.num_levels: 7
2022/06/21-00:26:51.787804 7fdc3178d000        Options.min_write_buffer_number_to_merge: 1
2022/06/21-00:26:51.787805 7fdc3178d000     Options.max_write_buffer_number_to_maintain: 0
2022/06/21-00:26:51.787806 7fdc3178d000     Options.max_write_buffer_size_to_maintain: 0
2022/06/21-00:26:51.787807 7fdc3178d000            Options.bottommost_compression_opts.window_bits: -14
